#     BLOCK:   ACTUAL_T:     T_AVE:       ERROR:
           1    0.605234    0.605234           0
           2    0.671165      0.6382   0.0233099
           3    0.737135    0.671178   0.0310892
           4    0.754132    0.691917    0.029432
           5    0.805331    0.714599   0.0310806
           6    0.807327    0.730054   0.0294936
           7     0.81819    0.742645   0.0278383
           8     0.81306    0.751447   0.0257124
           9    0.786485     0.75534   0.0231483
          10      0.8336    0.763166   0.0221169
          11    0.820195     0.76835    0.020705
          12    0.813691    0.772129   0.0193213
          13    0.818869    0.775724   0.0181665
          14    0.841397    0.780415    0.017464
          15    0.833439     0.78395   0.0166536
          16     0.87399    0.789578   0.0165363
          17     0.89632    0.795856   0.0167132
          18    0.898273    0.801546   0.0167252
          19    0.902198    0.806844   0.0166627
          20    0.890168     0.81101   0.0163422
          21     0.91815    0.816112    0.016341
          22    0.910738    0.820413   0.0161543
          23    0.878579    0.822942   0.0156487
          24    0.870333    0.824917   0.0151207
          25    0.884489      0.8273   0.0147025
          26    0.904366    0.830264   0.0144327
          27    0.885209    0.832299   0.0140409
          28    0.887475    0.834269    0.013677
          29    0.876914     0.83574   0.0132842
          30    0.888716    0.837506   0.0129582
          31    0.930286    0.840499   0.0128812
          32    0.972619    0.844627   0.0131237
          33    0.975039    0.848579   0.0133077
          34     1.00511    0.853183   0.0136896
          35    0.985629    0.856967   0.0138116
          36    0.933413    0.859091   0.0135902
          37    0.947606    0.861483   0.0134318
          38    0.960869    0.864099   0.0133305
          39     0.94807    0.866252   0.0131614
          40     0.99846    0.869557   0.0132409
          41    0.985896    0.872394   0.0132185
          42    0.933644    0.873853    0.012984
          43    0.914186    0.874791   0.0127159
          44    0.901649    0.875401   0.0124415
          45     0.95105    0.877082   0.0122781
          46    0.959626    0.878877   0.0121416
          47    0.946582    0.880317   0.0119684
          48    0.938585    0.881531   0.0117805
          49    0.936886    0.882661   0.0115941
          50    0.957488    0.884157   0.0114584
          51    0.942265    0.885297   0.0112902
          52    0.931783    0.886191   0.0111084
          53    0.941662    0.887237    0.010948
          54    0.956998    0.888529   0.0108212
          55    0.962665    0.889877   0.0107081
          56     1.01083    0.892037   0.0107325
          57    0.984109    0.893652   0.0106651
          58    0.943848    0.894518   0.0105163
          59    0.919007    0.894933   0.0103462
          60    0.898478    0.894992   0.0101739
          61    0.885102     0.89483   0.0100084
          62     0.92847    0.895372  0.00986171
          63    0.931385    0.895944  0.00972173
          64    0.928933    0.896459  0.00958348
          65    0.925016    0.896899  0.00944611
          66    0.932041    0.897431  0.00931798
          67     0.93452    0.897985  0.00919533
          68    0.935077     0.89853  0.00907627
          69    0.933571    0.899038  0.00895893
          70    0.948591    0.899746  0.00885887
          71      0.9253    0.900106   0.0087414
          72    0.908874    0.900228  0.00862084
          73     0.94011    0.900774  0.00852004
          74    0.903017    0.900804  0.00840496
          75     0.92027    0.901064   0.0082969
          76    0.908955    0.901168  0.00818838
          77    0.925926    0.901489  0.00808835
          78    0.903444    0.901514  0.00798469
          79    0.908915    0.901608  0.00788417
          80    0.940315    0.902092  0.00780045
          81    0.944767    0.902619  0.00772192
          82    0.954294    0.903249  0.00765342
          83    0.936565     0.90365  0.00757173
          84    0.923551    0.903887   0.0074853
          85    0.920589    0.904084  0.00739981
          86    0.943961    0.904547  0.00732828
          87    0.954526    0.905122  0.00726653
          88    0.975792    0.905925   0.0072282
          89      0.9991    0.906972   0.0072224
          90     1.00221     0.90803  0.00721925
          91    0.986792    0.908895  0.00719161
          92    0.968793    0.909547  0.00714285
          93    0.939379    0.909867  0.00707325
          94    0.947855    0.910271  0.00700954
          95    0.904659    0.910212    0.006936
          96    0.903418    0.910142  0.00686411
          97    0.935335    0.910401  0.00679826
          98    0.887546    0.910168  0.00673289
          99    0.925586    0.910324  0.00666668
         100    0.922173    0.910442  0.00660107
         101    0.892479    0.910264  0.00653811
         102    0.899885    0.910163   0.0064748
         103    0.869887    0.909772  0.00642373
         104    0.902231    0.909699  0.00636238
         105    0.903066    0.909636  0.00630209
         106    0.916519    0.909701  0.00624298
         107    0.919951    0.909797  0.00618536
         108    0.935664    0.910036  0.00613273
         109    0.933248    0.910249  0.00608016
         110    0.937952    0.910501   0.0060301
         111    0.924255    0.910625  0.00597705
         112    0.896519    0.910499  0.00592501
         113     0.91411    0.910531  0.00587266
         114    0.906119    0.910492  0.00582127
         115    0.898386    0.910387  0.00577161
         116    0.931957    0.910573  0.00572485
         117    0.905649    0.910531  0.00567607
         118    0.917927    0.910593  0.00562831
         119    0.933752    0.910788  0.00558438
         120    0.939962    0.911031  0.00554313
         121    0.912308    0.911042  0.00549733
         122    0.894477    0.910906  0.00545395
         123    0.907234    0.910876  0.00540969
         124    0.901853    0.910803  0.00536655
         125     0.88779    0.910619  0.00532678
         126    0.901676    0.910548  0.00528497
         127    0.906507    0.910516  0.00524346
         128    0.901708    0.910448  0.00520294
         129    0.884943     0.91025  0.00516636
         130    0.885049    0.910056  0.00513026
         131    0.908221    0.910042  0.00509112
         132    0.910752    0.910047  0.00505255
         133    0.873434    0.909772  0.00502205
         134    0.905587    0.909741  0.00498467
         135    0.918433    0.909805  0.00494817
         136    0.899594     0.90973  0.00491235
         137    0.919339      0.9098    0.004877
         138    0.913303    0.909826  0.00484172
         139    0.875489    0.909579  0.00481319
         140    0.849011    0.909146  0.00479821
         141    0.886128    0.908983  0.00476696
         142    0.914148    0.909019  0.00473353
         143    0.929452    0.909162  0.00470258
         144    0.890856    0.909035  0.00467164
         145    0.883578    0.908859  0.00464272
         146    0.912311    0.908883  0.00461098
         147    0.957973    0.909217  0.00459169
         148     0.95752    0.909543  0.00457225
         149    0.963402    0.909905  0.00455583
         150    0.928604     0.91003  0.00452716
         151     0.89042      0.9099  0.00449904
         152    0.900084    0.909835  0.00446991
         153     0.90525    0.909805  0.00444079
         154    0.916227    0.909847  0.00441215
         155    0.901115     0.90979  0.00438405
         156    0.868887    0.909528  0.00436378
         157    0.874049    0.909302  0.00434183
         158    0.890766    0.909185  0.00431593
         159    0.892966    0.909083     0.00429
         160    0.880325    0.908903  0.00426695
         161    0.906992    0.908891  0.00424046
         162    0.910625    0.908902   0.0042143
         163    0.897118     0.90883  0.00418906
         164    0.886157    0.908692   0.0041658
         165    0.874665    0.908485  0.00414566
         166    0.878591    0.908305  0.00412459
         167    0.891995    0.908208  0.00410105
         168    0.900197     0.90816  0.00407692
         169    0.880049    0.907994  0.00405618
         170    0.854112    0.907677  0.00404469
         171    0.847841    0.907327  0.00403614
         172     0.88875    0.907219  0.00401412
         173    0.895265     0.90715  0.00399151
         174    0.865549     0.90691  0.00397573
         175    0.870073      0.9067  0.00395858
         176    0.875344    0.906522  0.00394009
         177    0.873887    0.906337  0.00392214
         178    0.893792    0.906267  0.00390074
         179    0.930975    0.906405  0.00388139
         180    0.946926     0.90663  0.00386635
         181     0.91318    0.906666  0.00384516
         182     0.88654    0.906556  0.00382562
         183    0.881544    0.906419  0.00380716
         184    0.893296    0.906348  0.00378714
         185    0.877512    0.906192  0.00376987
         186    0.895675    0.906135  0.00375003
         187    0.926843    0.906246  0.00373161
         188    0.924949    0.906346  0.00371308
         189    0.908758    0.906358  0.00369346
         190    0.913813    0.906398  0.00367423
         191    0.916309    0.906449  0.00365536
         192    0.903221    0.906433  0.00363636
         193    0.912545    0.906464  0.00361766
         194    0.885992    0.906359  0.00360055
         195    0.897319    0.906312  0.00358238
         196    0.897699    0.906268  0.00356437
         197    0.885779    0.906164   0.0035478
         198    0.919411    0.906231  0.00353051
         199    0.931131    0.906356  0.00351498
         200    0.925745    0.906453  0.00349875
