#     BLOCK:   ACTUAL_T:     T_AVE:       ERROR:
           1     1.06132     1.06132           0
           2     1.15189     1.10661    0.032022
           3     1.22913     1.14745   0.0395935
           4     1.25342     1.17394   0.0375266
           5     1.23199     1.18555   0.0317663
           6     1.22775     1.19258   0.0272394
           7     1.23838     1.19913    0.024121
           8     1.22977     1.20296   0.0214079
           9     1.23865     1.20692   0.0193931
          10     1.26315     1.21255   0.0182508
          11     1.26624     1.21743    0.017232
          12     1.21543     1.21726   0.0157968
          13     1.25078     1.21984   0.0147906
          14     1.24739     1.22181   0.0138645
          15     1.26596     1.22475   0.0132489
          16     1.26038     1.22698   0.0126067
          17     1.25241     1.22847   0.0119535
          18     1.25131     1.22974   0.0113566
          19     1.25267     1.23095   0.0108228
          20      1.2956     1.23418   0.0107536
          21     1.26876     1.23583   0.0103668
          22     1.29351     1.23845   0.0102218
          23     1.31465     1.24176   0.0103002
          24     1.27359     1.24309  0.00995601
          25       1.261     1.24381  0.00958352
          26     1.23858      1.2436  0.00921702
          27     1.23023     1.24311  0.00888896
          28     1.25796     1.24364   0.0085873
          29     1.25784     1.24413  0.00830513
          30     1.25063     1.24435  0.00803113
          31     1.24943     1.24451  0.00777373
          32     1.29263     1.24601  0.00767488
          33     1.30854     1.24791  0.00767265
          34     1.30278     1.24952  0.00761484
          35     1.33336     1.25192   0.0077649
          36      1.3397     1.25436  0.00792283
          37      1.3344     1.25652  0.00799857
          38     1.28682     1.25732  0.00782772
          39      1.3058     1.25856   0.0077251
          40     1.29411     1.25945  0.00758292
          41     1.28634      1.2601  0.00742628
          42     1.25188     1.25991  0.00725204
          43     1.26479     1.26002  0.00708428
          44     1.32546     1.26151  0.00707763
          45     1.30992     1.26259  0.00700164
          46     1.28724     1.26312  0.00686991
          47      1.3175     1.26428  0.00682048
          48     1.29675     1.26495  0.00671185
          49     1.28057     1.26527  0.00658244
          50     1.30261     1.26602  0.00649301
          51     1.30008     1.26669  0.00639996
          52     1.34817     1.26826  0.00646585
          53     1.27065      1.2683  0.00634401
          54     1.24998     1.26796  0.00623559
          55     1.25248     1.26768  0.00612857
          56     1.24018     1.26719  0.00603877
          57     1.28212     1.26745  0.00593851
          58     1.28393     1.26773  0.00584291
          59     1.25981      1.2676  0.00574542
          60     1.24821     1.26728  0.00565875
          61     1.28049     1.26749  0.00557013
          62     1.26816      1.2675   0.0054803
          63     1.25237     1.26726  0.00539857
          64     1.24858     1.26697  0.00532211
          65     1.25801     1.26683  0.00524202
          66     1.26817     1.26685  0.00516263
          67     1.27196     1.26693  0.00508614
          68     1.30045     1.26742  0.00503518
          69      1.3045     1.26796   0.0049908
          70     1.31855     1.26868  0.00497156
          71     1.28762     1.26895  0.00490868
          72     1.29128     1.26926   0.0048503
          73      1.2919     1.26957  0.00479375
          74     1.29175     1.26987  0.00473833
          75     1.27282     1.26991  0.00467532
          76     1.25826     1.26976  0.00461631
          77     1.26257     1.26966   0.0045573
          78     1.25819     1.26952  0.00450125
          79     1.28061     1.26966  0.00444646
          80      1.2961     1.26999  0.00440315
          81     1.29546      1.2703     0.00436
          82      1.3299     1.27103  0.00436699
          83     1.33431     1.27179  0.00438043
          84     1.28458     1.27194  0.00433093
          85     1.28972     1.27215  0.00428503
          86     1.24289     1.27181  0.00424869
          87     1.24801     1.27154  0.00420866
          88     1.25606     1.27136   0.0041645
          89     1.26648     1.27131  0.00411807
          90     1.28036     1.27141  0.00407355
          91     1.30052     1.27173  0.00404132
          92     1.29561     1.27199  0.00400572
          93     1.30537     1.27235  0.00397871
          94     1.31567     1.27281  0.00396298
          95     1.30794     1.27318  0.00393848
          96     1.31801     1.27364  0.00392504
          97     1.29157     1.27383  0.00388893
          98     1.27883     1.27388  0.00384958
          99     1.28723     1.27401  0.00381306
         100     1.31093     1.27438  0.00379275
         101     1.25547      1.2742  0.00375982
         102     1.25995     1.27406  0.00372555
         103     1.26078     1.27393  0.00369161
         104     1.26733     1.27386  0.00365666
         105     1.27429     1.27387  0.00362184
         106     1.26436     1.27378  0.00358878
         107     1.26383     1.27369  0.00355644
         108     1.28241     1.27377  0.00352443
         109     1.29173     1.27393  0.00349595
         110     1.27893     1.27398  0.00346446
         111      1.2573     1.27383  0.00343651
         112     1.27839     1.27387  0.00340606
         113     1.32596     1.27433  0.00340698
         114     1.32078     1.27474  0.00340137
         115     1.31686      1.2751  0.00339146
         116     1.27693     1.27512  0.00336226
         117     1.31166     1.27543    0.003348
         118     1.31298     1.27575  0.00333471
         119     1.36076     1.27646  0.00338233
         120     1.40698     1.27755  0.00352468
         121     1.36692     1.27829   0.0035721
         122     1.33567     1.27876  0.00357366
         123     1.32564     1.27914  0.00356487
         124     1.30772     1.27937  0.00354356
         125     1.28928     1.27945   0.0035161
         126     1.28144     1.27947  0.00348823
         127     1.27111      1.2794  0.00346139
         128     1.28203     1.27942  0.00343441
         129     1.29975     1.27958   0.0034114
         130     1.33671     1.28002  0.00341335
         131     1.28529     1.28006  0.00338753
         132     1.27093     1.27999  0.00336257
         133     1.26057     1.27984  0.00334046
         134     1.26036      1.2797  0.00331869
         135     1.27661     1.27967  0.00329419
         136     1.28564     1.27972  0.00327026
         137     1.28065     1.27973  0.00324639
         138     1.25949     1.27958  0.00322618
         139     1.24372     1.27932  0.00321327
         140     1.25168     1.27912  0.00319637
         141     1.25983     1.27899  0.00317663
         142     1.26059     1.27886   0.0031569
         143     1.26616     1.27877  0.00313607
         144     1.25232     1.27858  0.00311967
         145     1.28884     1.27866  0.00309896
         146      1.2696     1.27859  0.00307835
         147     1.28616     1.27864  0.00305784
         148     1.30804     1.27884  0.00304362
         149     1.33733     1.27924  0.00304841
         150     1.34439     1.27967  0.00305887
         151     1.33237     1.28002  0.00305845
         152     1.30594     1.28019  0.00304308
         153     1.27643     1.28017  0.00302329
         154     1.28504      1.2802  0.00300383
         155     1.27287     1.28015  0.00298482
         156     1.28887     1.28021  0.00296621
         157     1.28394     1.28023  0.00294741
         158     1.28823     1.28028  0.00292919
         159     1.32226     1.28054  0.00292264
         160     1.27849     1.28053   0.0029044
         161     1.30064     1.28066  0.00288905
         162     1.33342     1.28098  0.00288951
         163     1.30453     1.28113   0.0028754
         164      1.3031     1.28126  0.00286098
         165     1.30497      1.2814  0.00284725
         166     1.28748     1.28144  0.00283033
         167     1.27099     1.28138  0.00281408
         168     1.28811     1.28142  0.00279761
         169     1.31672     1.28163  0.00278885
         170     1.30531     1.28177  0.00277592
         171      1.2755     1.28173  0.00275993
         172     1.28913     1.28177  0.00274422
         173     1.27855     1.28175  0.00272842
         174     1.25586     1.28161  0.00271679
         175     1.27784     1.28158  0.00270135
         176     1.26994     1.28152  0.00268681
         177     1.25008     1.28134   0.0026775
         178     1.28546     1.28136  0.00266256
         179        1.28     1.28136  0.00264769
         180     1.27033     1.28129  0.00263369
         181     1.25269     1.28114  0.00262388
         182     1.29916     1.28124  0.00261133
         183     1.27106     1.28118  0.00259765
         184     1.27842     1.28116  0.00258358
         185     1.29733     1.28125  0.00257109
         186     1.30735     1.28139  0.00256109
         187     1.31202     1.28156  0.00255263
         188     1.30478     1.28168  0.00254204
         189     1.31733     1.28187  0.00253558
         190     1.31329     1.28203  0.00252762
         191     1.31289      1.2822  0.00251955
         192     1.33913     1.28249  0.00252382
         193     1.31814     1.28268  0.00251749
         194     1.30611      1.2828  0.00250741
         195     1.29255     1.28285  0.00249505
         196     1.32634     1.28307  0.00249217
         197     1.34435     1.28338  0.00249886
         198     1.34865     1.28371  0.00250788
         199     1.32971     1.28394  0.00250591
         200     1.29482       1.284  0.00249397
