#     BLOCK:   ACTUAL_T:     T_AVE:       ERROR:
           1    0.945552    0.945552           0
           2     1.01919    0.982371   0.0260353
           3     1.10385     1.02286   0.0373414
           4     1.15476     1.05584   0.0399969
           5     1.15677     1.07602   0.0367401
           6     1.15059     1.08845   0.0326509
           7     1.17648     1.10103   0.0303116
           8     1.17119      1.1098   0.0277624
           9     1.17092     1.11659    0.025495
          10     1.18189     1.12312   0.0237671
          11     1.16646     1.12706   0.0219307
          12     1.16449     1.13018   0.0203237
          13     1.21704     1.13686   0.0198284
          14     1.20988     1.14208   0.0190858
          15     1.18474     1.14492   0.0180241
          16     1.15237     1.14539   0.0169036
          17     1.15337     1.14586   0.0159158
          18     1.16036     1.14666   0.0150519
          19     1.18234     1.14854   0.0143764
          20      1.1876     1.15049   0.0137896
          21     1.17727     1.15177   0.0131917
          22     1.17324     1.15274   0.0126282
          23     1.17109     1.15354   0.0121043
          24     1.14252     1.15308   0.0116087
          25     1.13294     1.15228   0.0111722
          26     1.13097     1.15146   0.0107725
          27     1.15872     1.15173   0.0103769
          28     1.14771     1.15158   0.0100073
          29     1.17482     1.15238  0.00969424
          30     1.19691     1.15387  0.00948404
          31     1.17225     1.15446  0.00919663
          32     1.19349     1.15568  0.00898973
          33     1.22487     1.15778  0.00895845
          34     1.24781     1.16042  0.00907791
          35     1.25654     1.16317  0.00922456
          36     1.22034     1.16476  0.00910398
          37     1.19531     1.16558   0.0088953
          38     1.18568     1.16611  0.00867692
          39     1.18398     1.16657  0.00846653
          40     1.19473     1.16728  0.00828409
          41     1.17641      1.1675  0.00808504
          42     1.17648     1.16771  0.00789536
          43      1.2172     1.16886  0.00779516
          44     1.21549     1.16992  0.00768968
          45     1.17533     1.17004  0.00751974
          46     1.13404     1.16926  0.00739688
          47     1.15952     1.16905  0.00724241
          48     1.17337     1.16914  0.00709208
          49     1.17993     1.16936  0.00695076
          50      1.1659     1.16929  0.00681209
          51     1.16319     1.16917  0.00667957
          52     1.14003     1.16861  0.00657459
          53     1.15233     1.16831  0.00645772
          54     1.15146     1.16799  0.00634567
          55     1.16487     1.16794  0.00623054
          56     1.18939     1.16832  0.00613105
          57     1.16115     1.16819  0.00602478
          58     1.17033     1.16823  0.00592102
          59     1.18755     1.16856  0.00582971
          60     1.23375     1.16965  0.00583291
          61     1.23194     1.17067  0.00582601
          62     1.22808     1.17159  0.00580517
          63     1.22797     1.17249  0.00578159
          64     1.22341     1.17328  0.00574575
          65     1.22876     1.17414  0.00572039
          66     1.21041     1.17469  0.00566005
          67     1.19129     1.17493  0.00558099
          68     1.19782     1.17527  0.00550906
          69     1.20383     1.17568  0.00544474
          70     1.17669      1.1757  0.00536697
          71     1.19507     1.17597  0.00529831
          72     1.21747     1.17655  0.00525598
          73     1.17656     1.17655  0.00518398
          74     1.16917     1.17645  0.00511489
          75     1.23429     1.17722  0.00510449
          76     1.28208      1.1786  0.00522046
          77     1.23745     1.17936   0.0052083
          78     1.18508     1.17944  0.00514204
          79     1.17666      1.1794  0.00507707
          80     1.18585     1.17948  0.00501425
          81     1.22802     1.18008  0.00498802
          82     1.20949     1.18044  0.00494007
          83     1.21682     1.18088  0.00489995
          84     1.22773     1.18144  0.00487327
          85     1.16976      1.1813  0.00481787
          86      1.1512     1.18095  0.00477455
          87      1.1445     1.18053  0.00473801
          88     1.19304     1.18067   0.0046863
          89      1.1938     1.18082  0.00463597
          90     1.18803      1.1809  0.00458515
          91     1.20956     1.18121  0.00454556
          92     1.23316     1.18178  0.00453108
          93      1.1783     1.18174  0.00448251
          94     1.19097     1.18184   0.0044359
          95     1.19432     1.18197  0.00439115
          96     1.17477      1.1819  0.00434605
          97     1.18363     1.18191  0.00430128
          98      1.1763     1.18186  0.00425778
          99     1.15723     1.18161  0.00422203
         100     1.13066      1.1811  0.00421044
         101     1.15727     1.18086  0.00417535
         102     1.16038     1.18066  0.00413924
         103     1.13004     1.18017  0.00412813
         104     1.13499     1.17974  0.00411123
         105     1.15179     1.17947  0.00408069
         106     1.16104      1.1793  0.00404589
         107     1.18901     1.17939   0.0040091
         108     1.19144      1.1795  0.00397353
         109     1.22545     1.17992  0.00395938
         110     1.24788     1.18054   0.0039713
         111      1.1868     1.18059  0.00393592
         112     1.18873     1.18067  0.00390145
         113     1.20878     1.18092  0.00387485
         114     1.21159     1.18119  0.00385019
         115     1.19941     1.18134  0.00381997
         116     1.18769      1.1814  0.00378743
         117     1.18436     1.18142  0.00375514
         118     1.18733     1.18147  0.00372365
         119     1.18424      1.1815  0.00369243
         120     1.19224     1.18159  0.00366275
         121     1.17455     1.18153  0.00363294
         122     1.15569     1.18132  0.00360933
         123     1.15941     1.18114  0.00358438
         124     1.17236     1.18107  0.00355617
         125     1.18463      1.1811  0.00352784
         126     1.21091     1.18133  0.00350777
         127     1.20404     1.18151   0.0034847
         128     1.22644     1.18186  0.00347511
         129     1.22635     1.18221  0.00346524
         130     1.19783     1.18233  0.00344066
         131     1.18017     1.18231  0.00341444
         132     1.20331     1.18247  0.00339228
         133     1.21377     1.18271  0.00337492
         134     1.19671     1.18281  0.00335135
         135     1.14441     1.18253  0.00333858
         136     1.19259      1.1826  0.00331485
         137     1.23646     1.18299  0.00331388
         138      1.2399      1.1834  0.00331543
         139     1.24014     1.18381   0.0033166
         140     1.20998       1.184  0.00329817
         141     1.19474     1.18408  0.00327566
         142     1.21038     1.18426  0.00325783
         143     1.18004     1.18423  0.00323518
         144     1.18405     1.18423  0.00321271
         145     1.16362     1.18409   0.0031937
         146     1.16228     1.18394  0.00317532
         147     1.15221     1.18372  0.00316105
         148     1.16892     1.18362  0.00314127
         149     1.18095     1.18361  0.00312024
         150     1.20664     1.18376  0.00310321
         151     1.20801     1.18392  0.00308681
         152     1.22404     1.18418  0.00307777
         153      1.2488     1.18461  0.00308649
         154     1.23512     1.18493  0.00308383
         155     1.24993     1.18535  0.00309231
         156     1.20194     1.18546  0.00307432
         157     1.20046     1.18555  0.00305622
         158     1.18209     1.18553  0.00303696
         159     1.18909     1.18556  0.00301794
         160     1.18599     1.18556  0.00299908
         161     1.18147     1.18553  0.00298056
         162     1.15828     1.18536   0.0029669
         163     1.17607     1.18531  0.00294925
         164      1.1736     1.18524  0.00293213
         165     1.17882      1.1852  0.00291462
         166     1.20786     1.18533  0.00290025
         167     1.18294     1.18532  0.00288292
         168     1.16945     1.18522  0.00286731
         169     1.16164     1.18509  0.00285374
         170     1.17979     1.18505  0.00283712
         171      1.1694     1.18496  0.00282201
         172      1.2051     1.18508  0.00280803
         173     1.21866     1.18527   0.0027985
         174     1.19015      1.1853  0.00278256
         175     1.20279      1.1854  0.00276845
         176      1.2043     1.18551   0.0027548
         177     1.20703     1.18563  0.00274192
         178     1.20108     1.18572  0.00272789
         179     1.18648     1.18572  0.00271265
         180     1.21143     1.18586  0.00270134
         181     1.22496     1.18608  0.00269503
         182     1.20721      1.1862  0.00268272
         183     1.17439     1.18613  0.00266884
         184     1.19987     1.18621  0.00265538
         185     1.19727     1.18627   0.0026417
         186      1.2242     1.18647  0.00263536
         187     1.24372     1.18678  0.00263899
         188     1.22653     1.18699  0.00263341
         189     1.17756     1.18694  0.00261995
         190     1.19233     1.18697  0.00260631
         191     1.18774     1.18697  0.00259267
         192     1.17848     1.18693  0.00257954
         193     1.16474     1.18681  0.00256874
         194     1.15235     1.18663  0.00256163
         195     1.12988     1.18634  0.00256498
         196     1.14201     1.18612  0.00256185
         197     1.15794     1.18597  0.00255283
         198     1.14796     1.18578  0.00254715
         199     1.16626     1.18568  0.00253624
         200     1.17052     1.18561  0.00252469
